# experiment
## 1 grand tuning 1 result
cnnClean_i1_a1 [2.2704709853965874, 2.3771667369744645, 2.3883239447607423, 2.2432283897827237, 2.723499370482524, 2.7123077734694188, 2.4484945513077543, 2.3257931006329975, 2.302035086251062, 2.3252196836777044]
cnnClean_i1_a2 [2.4077741898682556, 2.4878134526765594, 2.256425007891828, 2.5192606613119195, 2.372440386174079, 2.393401510097327, 2.393860481171647, 2.3521025273354335, 2.545154435761065, 2.838789019572791]
cnnClean_i1_a3 [2.3503162210304795, 2.8963676186967873, 2.1088022075963675, 1.8761767136198666, 2.230216021893733, 2.3286167839760785, 2.3751939127794985, 2.450994003452189, 2.4100837497677006, 2.3081815968675374]
cnnClean_i1_a4 [2.4835473973320727, 2.2024378350308895, 2.28475748391504, 2.1478995156144687, 2.257627964569713, 2.3523448697909344, 2.2251492952097394, 2.3371805496874094, 2.4262984732141737, 2.033925589239098]
cnnClean_i1_a5 [2.395889581345233, 1.9105534798528399, 2.546955670242204, 2.4339405482365284, 2.3988017178514878, 3.025536061746207, 2.550238755045878, 2.056311699372528, 2.6458731189687574, 2.103155408275646]
cnnClean_i1_a6 [2.2203589683719778, 2.381851864834019, 2.164083926719328, 2.6455549811789263, 2.455399233674304, 2.2187605082350843, 2.572586568159649, 2.3799468339803975, 2.2001775065538633, 2.361169267276644]
cnnClean_i3_a1 [2.2787062010780708, 2.0990892472411122, 2.6052694528900537, 2.0344814811354324, 2.3879393399844493, 2.5502061765140303, 2.2640293421600335, 1.839091446516277, 2.489838847078673, 2.081690613876263]
cnnClean_i3_a2 [2.22135280362575, 2.2849643934546773, 2.787969341322684, 2.4164982671926207, 2.0378154012719985, 2.3717270396259718, 2.4744163742701977, 2.2302240958905903, 2.1178063537843053, 2.425103553724926]
cnnClean_i3_a3 [2.6195015402209214, 3.1464173930406365, 3.1239966384530757, 2.8615502167279705, 2.2859301585237546, 2.591254676839886, 2.119344971146428, 2.340298586694856, 2.266433870129051, 2.3344949674975317]
cnnClean_i3_a4 [2.4306884425224586, 2.102884438068662, 2.825229879136042, 2.659698512755609, 2.292480807688853, 2.4646075879780924, 2.280422463971038, 2.4886276436444916, 2.3716275362197172, 2.3611692977779133]
cnnClean_i3_a5 [2.1293144686069834, 2.2983556576821877, 2.0547476273067127, 2.373491318332149, 2.5498287698100355, 2.6220749875635856, 2.67053055785707, 2.4974565214173676, 1.959993688711646, 2.383228157097869]
cnnClean_i3_a6 [2.0383751689743033, 2.281329701487514, 1.9984446157900382, 3.680114593499505, 2.5649463633930045, 2.2271477537238042, 2.5160841868061232, 2.1968327219537813, 2.059880605680918, 2.91652336553882]
cnnClean_i5_a1 [2.2133912995908296, 2.535894880961553, 2.4591092110407695, 2.347563269700251, 2.2927383497001523, 2.656769571677747, 2.2030312933364256, 2.3526814818750763, 2.41090540642987, 2.329025923057283]
cnnClean_i5_a2 [2.332510135109825, 2.520145043696915, 2.367788940817334, 2.9320020327277247, 2.8152072215353843, 2.198653062152462, 2.059187971028051, 2.2847592033386728, 2.3588641822217564, 2.3747937680487192]
cnnClean_i5_a3 [2.4017607512250962, 2.285946779822117, 2.306700544959523, 2.3078656201285495, 2.4930980224730632, 2.215655724140397, 2.7857652952795857, 1.982807510709805, 2.1472347905234357, 2.0248075323934978]
cnnClean_i5_a4 [2.465816786334804, 2.4375783157829494, 2.457056257129039, 2.3922873344983, 2.5216693708539046, 2.6711101798890415, 2.7945761209795035, 2.4043201868728046, 2.6651800701256034, 2.1208950199654573]
cnnClean_i5_a5 [2.380927332925888, 2.304241817778135, 2.2467348254380393, 4.104328077264763, 2.8062346044521025, 2.2415462915131483, 2.321047710506754, 2.36925002458687, 2.254787213641573, 2.533375458237177]
cnnClean_i5_a6 [2.527926752853815, 2.677178647078055, 2.3408893686997865, 2.116332978433503, 2.84471010481669, 2.125231146351717, 3.50443241597645, 2.3673668087292623, 2.237923781009279, 2.841352449788288]
cnnClean_i7_a1 [2.195286227527043, 1.9606964696519111, 2.4604601621760653, 2.502037195587449, 3.040326629525017, 2.1386653504525044, 2.751595506628797, 2.2114238634651224, 2.6536553161232446, 2.468985594029172]
cnnClean_i7_a2 [2.4727863315327427, 2.374252239570159, 2.2586165192694017, 2.258021925639172, 2.0447546058491985, 2.2743186471592534, 4.4136693871105654, 2.037012548193969, 2.0227031821920667, 2.693906358618508]
cnnClean_i7_a3 [2.436149147512469, 2.4724331356800224, 2.1883375979605413, 2.6677868145611443, 2.335742170923658, 2.6415676450009715, 2.5106880237367784, 2.2500940401545635, 2.1457897011305818, 2.018873504776537]
cnnClean_i7_a4 [2.567793779687087, 2.3108309898195967, 2.251774999406551, 2.448845933562995, 2.2840564676058768, 2.171813824509413, 2.583115199778901, 2.7299603435981683, 2.420040604918147, 2.599436745506025]
cnnClean_i7_a5 [2.245809102047337, 2.307413349159463, 3.0267854663501903, 2.6935782321147053, 2.5213735663471435, 2.9257428596097257, 2.495162302963992, 2.265507702520666, 2.51247714039606, 3.1317487305637224]
cnnClean_i7_a6 [2.71268449235384, 1.9146385860385664, 1.8811584786006665, 2.291474388987586, 2.3689977659593, 2.3960948936805075, 2.6251278237293927, 2.438300694045045, 2.2444085869510344, 2.231626838901686]
cnnClean_i9_a1 [2.7583802164079216, 2.448889344356713, 2.3067335248520577, 2.1832722479130386, 1.8220306771585764, 2.202281802376573, 2.314022720616374, 2.2758655596035116, 2.4855653981138603, 2.506141633036911]
cnnClean_i9_a2 [2.4707133043144016, 2.3942885371386695, 2.5676577344210942, 2.1485227555707818, 2.179787364612477, 2.390379366029862, 2.2330818064416333, 2.421628582658217, 2.119658589628634, 2.3986622286575776]
cnnClean_i9_a3 [2.054080075709301, 2.1548481414788307, 2.33612476418436, 2.7168479056719192, 2.239918780134857, 1.8230926569473913, 2.2433887864065767, 2.1798693404364, 2.2756260936082287, 2.394278461305779]
cnnClean_i9_a4 [2.4501728891791843, 3.8278218448704875, 2.2517504497818064, 2.187294060206989, 2.8608945880191397, 2.289335921379315, 2.1565850696537887, 2.094287833639919, 2.1926554851769704, 2.3290572826688267]
cnnClean_i9_a5 [2.4988815237749145, 2.558239649711995, 2.4379516900674707, 2.722851095237669, 2.020375678397889, 2.7673366299866857, 2.0702294090007523, 2.127544762870689, 2.2864727233817734, 2.1335066162268608]
cnnClean_i9_a6 [1.9082822143755538, 2.7256102611881796, 2.3570330610202563, 1.9106344538978355, 2.227218829830663, 2.265773569722442, 2.6540025176330126, 2.3102170261796493, 2.468628164919196, 2.1204709098183256]
cnnClean_i12_a1 [2.6160466647279415, 2.205494590434159, 2.201812199154063, 2.65283743746981, 2.8335163381116106, 2.3875284969777897, 2.2512127002134577, 2.3822715413151205, 2.2693545894708533, 2.241600635807738]
cnnClean_i12_a2 [2.8437339775211012, 2.7197350640749303, 2.058583520270735, 2.03554577856749, 2.4352729232451287, 2.051669350643039, 2.182209782050292, 2.1219311235629963, 2.317142896974512, 2.5078804233125522]
cnnClean_i12_a3 [2.2905510224273233, 1.8871717730046595, 2.7285087228070424, 2.294625396499319, 2.775164566640073, 2.3093872206072805, 3.048778479202556, 2.702380972773244, 2.4811048839133747, 2.0688213109219427]
cnnClean_i12_a4 [1.8680510869982356, 2.4366323104643404, 2.439232096808198, 2.7877630795517843, 2.239997379859234, 2.228829259211111, 2.37377077313832, 2.499699898411049, 2.2988393929154056, 2.673095248278996]
cnnClean_i12_a5 [2.3770063347455417, 2.180653424820301, 2.04032462746614, 2.045849316117619, 2.296612182865709, 1.9849075108779484, 2.057698273647005, 2.9050954614457924, 2.9033013038033677, 2.1454147394502807]
cnnClean_i12_a6 [2.4019548609741173, 2.253890039432866, 2.1510611342998462, 2.070024646281594, 2.092948279221543, 2.4001477496330277, 2.61746621758021, 2.4916272614814203, 2.038637629586963, 2.22810161197456]
cnnClean_i15_a1 [1.9810472984102423, 2.1738849878256885, 2.0808844102564077, 2.348344659712643, 2.0887003384035423, 2.99981869924843, 2.1867705050132127, 2.089216622054882, 2.239941726822326, 2.0138540717831566]
cnnClean_i15_a2 [2.5062299697589014, 2.0670289462378135, 1.9135989595116067, 3.94869869298012, 2.03398616204021, 2.0325250476277246, 1.7911102435156765, 2.3702006360248458, 2.112278470551084, 2.028867109836017]
cnnClean_i15_a3 [2.2177160199281674, 2.5480558199975216, 4.338844217316104, 1.753201829764087, 2.800818628164149, 2.091951342953773, 2.1667490281163073, 2.0413842725777425, 2.032385373186677, 2.0757942385107193]
cnnClean_i15_a4 [1.8801922776034912, 2.376924701068265, 1.9368338720992704, 2.224696669354796, 2.051700137051691, 2.0339234444744068, 1.9472680873587245, 2.3812525227781753, 2.261887131041948, 2.0992914018604156]
cnnClean_i15_a5 [1.9157618109174495, 1.6814756227046972, 2.1603008919699613, 1.9618330725131765, 2.0529709460520658, 2.5412425017310722, 2.727944276021223, 2.6656466881954874, 2.0850295232145992, 2.1125078154565498]
cnnClean_i15_a6 [2.5546813269158144, 2.0612445564138318, 1.7921841207162847, 2.199144524754918, 1.9802716126011861, 2.014654386539631, 1.8438750426412982, 2.2135804726178736, 2.1295071370212066, 2.1143993395793133]
cnnClean_i30_a1 [2.028450848937617, 2.4769641929821833, 2.069024761605417, 2.059683800920037, 1.842622540821221, 1.914201377962098, 2.5953171079939152, 2.0038700572383936, 1.8871331792501456, 2.3560907257475168]
cnnClean_i30_a2 [2.2843622692300314, 2.171967016807385, 1.8863469796122927, 2.337058383715094, 2.055768581720527, 2.4316650820343995, 2.090658132696569, 2.8171996729744184, 2.2536553210705232, 1.921421153307102]
cnnClean_i30_a3 [1.8869408748002188, 2.2209554144743238, 2.054529000786675, 1.9762818965806528, 1.8756030978843539, 2.122328200406879, 2.1651026786554195, 2.14879599929827, 1.9081221622691444, 2.040005074110174]
cnnClean_i30_a4 [2.0677972931796726, 2.096537110033071, 2.2677315320870832, 1.9870299085725756, 1.932773383892696, 1.9818571787610069, 1.892702766215495, 2.3824791092697475, 2.0906058930409204, 2.0802629760422757]
cnnClean_i30_a5 [2.041076319338643, 2.439694841962983, 2.081564599545077, 2.2250205622826926, 2.0467389511911835, 2.8064350799863074, 2.2211360507675875, 1.8081540212012246, 2.410342362046621, 2.564405329547418]
cnnClean_i30_a6 [2.675372014190064, 1.8034189413223154, 1.958537308866713, 1.8706730188071652, 1.8788207504750565, 2.1708775868209482, 2.022371690573546, 2.031635347307119, 1.858357597351598, 2.2171717126348964]


## 2 grand tuning 2
now we have done grand tuning
we try to do another grand tuning where the test data is tripled and set to 90
and the range of tune interval is also changed to
1,3,5,7,9,12,15,30,50,70,90
app does 4 repetitions
bime does 6 repetitions

get grand.csv with synthesise.py
run tmp.py to get mean and std plot
run plot.py to get grid plots

## 3 mox
Q: what if we tune many many times
A: the train loss decreases a lot, but the performance downgrades a lot

## 4 mox
Q: what if we fix the seed?
run.py and subRun.py sets seed to tf
tuneWorker removes set seed


uniformint('in_batch_size', 3,7
\script interger uniformly distributed from 3 to 7
float value uniformly distributed from 0 to 0.8
uniform('recurrent_dropout', 0,0.8
uniformint('num_cells', 10, 160
lognormal('learning_rate', np.log(.01), 3.
uniformint('cnn_filters', 10, 160
uniformint('cnn_kernel_size', 1,9
uniformint('cnn_pool_size', 1,6
uniform('cnn_dropout', 0,0.

## 5 ?
Q: what if we fix batch_size

